1900	-173.090774536133	-48.2793502807617
1901	-170.245468139648	-49.1448974609375
1902	-168.421829223633	-49.8775596618652
1903	-168.557556152344	-51.1005897521973
1904	-168.372360229492	-52.240177154541
1905	-167.325393676758	-53.0252189636231
1906	-168.996017456055	-54.0007514953613
1907	-168.929626464844	-54.6380844116211
1908	-167.252563476563	-55.2219467163086
1909	-166.104110717773	-56.3041191101074
1910	-165.385879516602	-57.1543884277344
1911	-164.058349609375	-57.2058372497559
1912	-162.85563659668	-57.1497955322266
1913	-162.253814697266	-56.5673637390137
1914	-158.436859130859	-55.5248947143555
1915	-155.361923217773	-55.2666091918945
1916	-156.102203369141	-54.912712097168
1917	-156.763595581055	-54.6973495483398
1918	-153.314102172852	-54.7230033874512
1919	-150.647567749023	-54.9363174438477
1920	-150.334518432617	-54.8071098327637
1921	-150.146530151367	-55.0321235656738
1922	-150.004135131836	-55.0923843383789
1923	-150.878051757813	-55.5236320495605
1924	-148.220779418945	-55.4538688659668
1925	-146.287322998047	-54.7929039001465
1926	-144.097793579102	-53.948314666748
1927	-142.634490966797	-53.4302177429199
1928	-138.087631225586	-52.7105865478516
1929	-134.90983581543	-52.3774185180664
1930	-131.749862670898	-52.0035743713379
1931	-128.231750488281	-51.6781578063965
1932	-126.045768737793	-51.2971992492676
1933	-123.57341003418	-50.8522186279297
1934	-122.356468200684	-50.7130470275879
1935	-120.611862182617	-50.053581237793
1936	-115.317123413086	-49.0133399963379
1937	-112.43238067627	-47.8486595153809
1938	-110.421180725098	-46.6256217956543
1939	-107.962547302246	-45.200366973877
1940	-104.677810668945	-43.8754959106445
1941	-102.208869934082	-43.1102981567383
1942	-100.482940673828	-41.8537979125977
1943	-97.7625885009766	-40.2033348083496
1944	-93.4615478515625	-38.9992561340332
1945	-93.4901123046875	-38.8979225158691
1946	-92.2648239135742	-39.0097236633301
1947	-91.8830184936524	-39.5229072570801
1948	-91.2931213378906	-40.5656204223633
1949	-89.8876037597656	-41.1618995666504
1950	-88.3913269042969	-40.3329925537109
1951	-83.7844543457031	-39.3617515563965
1952	-81.2845840454102	-38.5685501098633
1953	-80.7582397460937	-38.5581359863281
1954	-79.3148880004883	-38.3977737426758
1955	-80.6285171508789	-38.4297332763672
1956	-81.6896286010742	-38.1814460754394
1957	-79.1589431762695	-37.6677474975586
1958	-71.1031188964844	-32.8515815734863
1959	-72.9523315429688	-34.8890686035156
1960	-69.3491668701172	-32.1537780761719
1961	-66.3401870727539	-30.2775859832764
1962	-64.0732803344727	-28.9883823394775
1963	-64.7499923706055	-30.3230152130127
1964	-67.2147521972656	-32.6651763916016
1965	-68.0869140625	-33.0799865722656
1966	-67.1562881469727	-32.5255012512207
1967	-68.5865173339844	-33.7475814819336
1968	-71.6141052246094	-35.797233581543
1969	-69.4157333374023	-35.12060546875
1970	-69.3980102539063	-34.4797821044922
1971	-67.6887512207031	-32.3661918640137
1972	-66.6008834838867	-31.2297840118408
1973	-67.1278610229492	-30.4710998535156
1974	-70.7619171142578	-29.4983177185059
1975	-65.8218460083008	-27.0093364715576
1976	-65.7903900146484	-27.3948936462402
1977	-63.111198425293	-26.2074241638184
1978	-65.0845718383789	-25.8825416564941
1979	-65.2159729003906	-26.2327289581299
1980	-59.2900581359863	-23.102029800415
1981	-59.4904899597168	-23.4769783020019
1982	-60.3660392761231	-24.7959880828857
1983	-60.8504867553711	-26.2221946716309
1984	-61.0249099731445	-25.93332862854
1985	-59.342700958252	-24.255558013916
1986	-57.3953132629395	-22.5791339874268
1987	-54.2368659973145	-22.7514801025391
1988	-52.9583396911621	-21.7001304626465
1989	-54.4165802001953	-22.1361179351807
1990	-53.0470199584961	-22.0145206451416
1991	-48.7404594421387	-19.3201141357422
1992	-47.3032760620117	-19.3772926330566
1993	-49.3942184448242	-19.7574901580811
1994	-47.2824745178223	-18.8200626373291
1995	-45.3987846374512	-19.7844409942627
1996	-42.4551391601563	-16.7362594604492
1997	-42.0563812255859	-16.4243431091309
1998	-39.2991828918457	-16.193286895752
1999	-36.8382873535156	-14.1232662200928
2000	-37.4208297729492	-14.5573921203613
2001	-31.1711444854736	-11.6631193161011
2002	-24.6110610961914	-8.33960056304932
2003	-19.1752529144287	-5.61647653579712
2004	-19.9672222137451	-5.63807249069214
2005	-16.5983848571777	-4.90837717056274
2006	-13.8278245925903	-3.67144060134888
2007	-13.4980230331421	-4.62490606307983
2008	-9.29407978057861	-2.78329372406006
2009	-5.36074686050415	-1.15100240707398
2010	-2.38682675361633	-1.59874582290649
2011	-1.67728769779205	-0.459240943193436
2012	5.7785267829895	1.17953789234161
2013	9.9724702835083	3.11260533332825
2014	12.1647748947144	4.67003202438355
2015	20.6886920928955	6.74469900131226
2016	23.2921695709229	6.47246313095093
2017	24.3489990234375	8.04831790924072
2018	25.6928939819336	8.56351470947266

